epochTime,objT,ambT
1386692400,  20.0,  19.8
1386692460,  21.1,  19.8
1386692520,  20.6,  19.8
1386692580,  20.3,  19.8
1386692640,  20.0,  19.7
1386692700,  20.2,  19.7
1386692760,  20.2,  19.6
1386692820,  20.0,  19.6
1386692880,  20.6,  19.6
1386692940,  20.6,  19.6
1386693000,  20.6,  19.6
1386693060,  20.5,  19.6
1386693120,  20.5,  19.6
1386693180,  20.7,  19.6
1386693240,  20.1,  19.6
1386693300,  20.2,  19.6
1386693360,  20.1,  19.6
1386693420,  21.6,  19.7
1386693480,  20.1,  19.7
1386693540,  20.2,  19.7
1386693600,  20.2,  19.7
1386693660,  20.3,  19.7
1386693720,  21.0,  19.7
1386693780,  21.4,  19.7
1386693840,  21.3,  19.7
1386693900,  21.4,  19.7
1386693960,  21.2,  19.7
1386694020,  20.8,  19.7
1386694080,  21.0,  19.7
1386694140,  20.8,  19.7
1386694200,  20.9,  19.7
1386694260,  21.0,  19.7
1386694320,  21.2,  19.7
1386694380,  21.0,  19.7
1386694440,  20.5,  19.6
1386694500,  20.9,  19.6
1386694560,  20.2,  19.6
1386694620,  20.4,  19.6
1386694680,  20.6,  19.6
1386694740,  20.5,  19.6
1386694800,  20.5,  19.6
1386694860,  20.5,  19.6
1386694920,  20.2,  19.6
1386694980,  20.3,  19.6
1386695040,  20.3,  19.6
1386695100,  20.5,  19.6
1386695160,  20.2,  19.6
1386695220,  20.1,  19.6
1386695280,  20.2,  19.6
1386695340,  20.2,  19.6
1386695400,  20.1,  19.6
1386695460,  20.4,  19.6
1386695520,  20.2,  19.5
1386695580,  20.1,  19.5
1386695640,  20.5,  19.5
1386695700,  20.0,  19.5
1386695760,  20.4,  19.5
1386695820,  20.7,  19.5
1386695880,  20.7,  19.5
1386695940,  20.6,  19.5
1386696000,  20.2,  19.5
